224,5
224,4
224,3
224,2
0,9
224,1
224,0
10,80
10,226
10,244
10,118
10,152
10,202
10,300
10,238
11,4
11,19
11,13
11,9
11,16
9,6
9,4
8,16
8,11
8,6
8,1
8,12
221,5
221,4
221,3
221,2
221,1
221,0
218,4
218,3
218,2
218,1
218,0
216,3
216,2
216,1
216,0
215,4
215,3
215,2
215,1
215,0
214,3
214,2
214,1
214,0
213,4
213,3
213,2
213,1
213,0
212,3
212,2
212,1
212,0
211,3
211,2
211,1
211,0
210,5
210,4
210,3
210,2
210,1
210,0
209,3
209,2
209,1
209,0
208,4
208,3
208,2
208,1
208,0
207,3
207,2
207,1
207,0
20,3
20,2
20,1
19,3
19,2
19,1
18,3
18,1
14,3
14,1
13,3
13,1
12,3
12,2
12,1
11,27
11,26
11,23
11,22
11,21
11,20
11,14
11,8
11,3
11,2
11,1
10,277
10,235
10,211
10,179
10,151
10,141
10,137
10,129
10,127
